T 0 0 1   3.638325e-03  5.126686e-03 -3.638334e-02  0.000000e+00  0.000000e+00  0.000000e+00  0.000000e+00  3
T 0 1 0   8.861160e-04 -3.410511e-03 -2.490639e-02  0.000000e+00  0.000000e+00  0.000000e+00  0.000000e+00  3
T 1 0 1   4.913584e+00 -1.594737e+00  0.000000e+00  0.000000e+00  0.000000e+00  0.000000e+00  0.000000e+00  2
T 1 1 0   2.946494e+00 -5.053936e+00  0.000000e+00  0.000000e+00  0.000000e+00  0.000000e+00  0.000000e+00  2
T 2 0 1  -1.933649e+01  0.000000e+00  0.000000e+00  0.000000e+00  0.000000e+00  0.000000e+00  0.000000e+00  1
T 2 1 0   1.468987e+01  0.000000e+00  0.000000e+00  0.000000e+00  0.000000e+00  0.000000e+00  0.000000e+00  1
T 0 0 2   4.664119e-01 -1.805453e-01  0.000000e+00  0.000000e+00  0.000000e+00  0.000000e+00  0.000000e+00  1
T 0 2 0   7.514623e-02  0.000000e+00  0.000000e+00  0.000000e+00  0.000000e+00  0.000000e+00  0.000000e+00  1
T 0 1 1  -7.682825e-02  0.000000e+00  0.000000e+00  0.000000e+00  0.000000e+00  0.000000e+00  0.000000e+00  1
T 1 2 0  -3.908803e+01  0.000000e+00  0.000000e+00  0.000000e+00  0.000000e+00  0.000000e+00  0.000000e+00  1
T 1 0 2  -3.777810e+01  0.000000e+00  0.000000e+00  0.000000e+00  0.000000e+00  0.000000e+00  0.000000e+00  1
T 1 1 1  -7.194727e+01  0.000000e+00  0.000000e+00  0.000000e+00  0.000000e+00  0.000000e+00  0.000000e+00  1
T 0 3 0  -1.984272e+00  0.000000e+00  0.000000e+00  0.000000e+00  0.000000e+00  0.000000e+00  0.000000e+00  1
T 0 1 3  -4.081632e+02  0.000000e+00  0.000000e+00  0.000000e+00  0.000000e+00  0.000000e+00  0.000000e+00  1
T 0 0 3   2.743880e+00  0.000000e+00  0.000000e+00  0.000000e+00  0.000000e+00  0.000000e+00  0.000000e+00  1
T 0 1 2   1.254096e+01  0.000000e+00  0.000000e+00  0.000000e+00  0.000000e+00  0.000000e+00  0.000000e+00  1
T 0 2 1   6.385118e+00  0.000000e+00  0.000000e+00  0.000000e+00  0.000000e+00  0.000000e+00  0.000000e+00  1
T 0 0 0  -1.666784e-03 -1.914576e-03  3.006496e-03  0.000000e+00  0.000000e+00  0.000000e+00  0.000000e+00  3
T 1 0 0  -1.739109e+00  3.051448e-01 -3.557493e-02  0.000000e+00  0.000000e+00  0.000000e+00  0.000000e+00  3
T 2 0 0  -5.493793e+00  1.412740e+00  0.000000e+00  0.000000e+00  0.000000e+00  0.000000e+00  0.000000e+00  2
T 3 0 0  -2.561707e+01  0.000000e+00  0.000000e+00  0.000000e+00  0.000000e+00  0.000000e+00  0.000000e+00  1
P 0 0 1  -6.001938e-01 -3.801217e-01  2.783104e-01  0.000000e+00  0.000000e+00  0.000000e+00  0.000000e+00  3
P 0 1 0  -5.449835e-01  3.552779e-01 -2.081750e-02  0.000000e+00  0.000000e+00  0.000000e+00  0.000000e+00  3
P 1 0 1   8.591344e+00 -2.511054e-01  0.000000e+00  0.000000e+00  0.000000e+00  0.000000e+00  0.000000e+00  2
P 1 1 0   5.274505e-01  4.630399e-01  0.000000e+00  0.000000e+00  0.000000e+00  0.000000e+00  0.000000e+00  2
P 2 0 1  -1.014606e+02  0.000000e+00  0.000000e+00  0.000000e+00  0.000000e+00  0.000000e+00  0.000000e+00  1
P 2 1 0  -4.027161e+01  0.000000e+00  0.000000e+00  0.000000e+00  0.000000e+00  0.000000e+00  0.000000e+00  1
P 0 0 2   1.065925e-01 -1.805453e-01  0.000000e+00  0.000000e+00  0.000000e+00  0.000000e+00  0.000000e+00  1
P 0 2 0   5.461068e-02  0.000000e+00  0.000000e+00  0.000000e+00  0.000000e+00  0.000000e+00  0.000000e+00  1
P 0 1 1   4.631428e-02  0.000000e+00  0.000000e+00  0.000000e+00  0.000000e+00  0.000000e+00  0.000000e+00  1
P 1 2 0   8.756273e+00  0.000000e+00  0.000000e+00  0.000000e+00  0.000000e+00  0.000000e+00  0.000000e+00  1
P 1 0 2  -1.470436e+00  0.000000e+00  0.000000e+00  0.000000e+00  0.000000e+00  0.000000e+00  0.000000e+00  1
P 1 1 1   6.875332e+00  0.000000e+00  0.000000e+00  0.000000e+00  0.000000e+00  0.000000e+00  0.000000e+00  1
P 0 3 0  -4.406783e+00  0.000000e+00  0.000000e+00  0.000000e+00  0.000000e+00  0.000000e+00  0.000000e+00  1
P 0 1 3   2.533670e+02  0.000000e+00  0.000000e+00  0.000000e+00  0.000000e+00  0.000000e+00  0.000000e+00  1
P 0 0 3   4.588774e+00  0.000000e+00  0.000000e+00  0.000000e+00  0.000000e+00  0.000000e+00  0.000000e+00  1
P 0 1 2  -1.434440e+01  0.000000e+00  0.000000e+00  0.000000e+00  0.000000e+00  0.000000e+00  0.000000e+00  1
P 0 2 1  -6.550662e+00  0.000000e+00  0.000000e+00  0.000000e+00  0.000000e+00  0.000000e+00  0.000000e+00  1
P 0 0 0   2.773940e-03 -6.078249e-04 -3.345379e-03  0.000000e+00  0.000000e+00  0.000000e+00  0.000000e+00  3
P 1 0 0  -2.064671e-02 -1.457427e-02  4.672523e-02  0.000000e+00  0.000000e+00  0.000000e+00  0.000000e+00  3
P 2 0 0   3.045009e-01  4.939099e-01  0.000000e+00  0.000000e+00  0.000000e+00  0.000000e+00  0.000000e+00  2
P 3 0 0   8.585094e-01  0.000000e+00  0.000000e+00  0.000000e+00  0.000000e+00  0.000000e+00  0.000000e+00  1
Y 0 0 0   1.386600e-03  2.188290e-03  5.429382e-03 -5.413873e-03 -4.889237e-03  0.000000e+00  0.000000e+00  5
Y 0 0 1   7.497612e-01 -1.016991e+00 -7.129430e-01 -1.649555e-02  0.000000e+00  0.000000e+00  0.000000e+00  4
Y 0 0 2  -1.632028e-01 -1.266315e+00  2.481325e+00  0.000000e+00  0.000000e+00  0.000000e+00  0.000000e+00  3
Y 0 0 3   2.631657e+01  6.753951e+01  0.000000e+00  0.000000e+00  0.000000e+00  0.000000e+00  0.000000e+00  2
Y 0 0 4  -1.540799e+01  0.000000e+00  0.000000e+00  0.000000e+00  0.000000e+00  0.000000e+00  0.000000e+00  1
Y 0 1 0  -9.919182e-01 -7.590534e-01  5.322828e-02  4.596496e-02  0.000000e+00  0.000000e+00  0.000000e+00  4
Y 0 1 1  -4.046418e-01 -1.121307e+00  1.062567e+00  0.000000e+00  0.000000e+00  0.000000e+00  0.000000e+00  3
Y 0 1 2   5.236004e+00  6.410273e+01  0.000000e+00  0.000000e+00  0.000000e+00  0.000000e+00  0.000000e+00  2
Y 0 1 3   2.998470e+02  0.000000e+00  0.000000e+00  0.000000e+00  0.000000e+00  0.000000e+00  0.000000e+00  1
Y 0 2 0  -3.956647e-01  7.693674e-02  5.090686e-01  0.000000e+00  0.000000e+00  0.000000e+00  0.000000e+00  3
Y 0 2 1   3.134222e+01  5.817054e+01  0.000000e+00  0.000000e+00  0.000000e+00  0.000000e+00  0.000000e+00  2
Y 0 2 2   2.539209e+02  0.000000e+00  0.000000e+00  0.000000e+00  0.000000e+00  0.000000e+00  0.000000e+00  1
Y 0 3 0   2.410957e+01 -1.016213e+01  0.000000e+00  0.000000e+00  0.000000e+00  0.000000e+00  0.000000e+00  2
Y 0 3 1  -4.319075e+01  0.000000e+00  0.000000e+00  0.000000e+00  0.000000e+00  0.000000e+00  0.000000e+00  1
Y 0 4 0   4.243397e+01  0.000000e+00  0.000000e+00  0.000000e+00  0.000000e+00  0.000000e+00  0.000000e+00  1
Y 1 0 0   1.251775e-02 -1.862488e-02  1.882658e-03  7.345524e-02  0.000000e+00  0.000000e+00  0.000000e+00  4
Y 1 0 1   6.654079e+00  7.044281e+00  5.942180e+00  0.000000e+00  0.000000e+00  0.000000e+00  0.000000e+00  3
Y 1 0 2  -1.010175e+01 -7.381105e+01  0.000000e+00  0.000000e+00  0.000000e+00  0.000000e+00  0.000000e+00  2
Y 1 0 3  -6.979599e+02  0.000000e+00  0.000000e+00  0.000000e+00  0.000000e+00  0.000000e+00  0.000000e+00  1
Y 1 1 0  -9.251548e+00 -1.139411e+00 -8.820153e-02  0.000000e+00  0.000000e+00  0.000000e+00  0.000000e+00  3
Y 1 1 1  -4.155855e+01  1.885750e+01  0.000000e+00  0.000000e+00  0.000000e+00  0.000000e+00  0.000000e+00  2
Y 1 1 2   1.064309e+02  0.000000e+00  0.000000e+00  0.000000e+00  0.000000e+00  0.000000e+00  0.000000e+00  1
Y 1 2 0  -2.515101e+01  3.536695e+01  0.000000e+00  0.000000e+00  0.000000e+00  0.000000e+00  0.000000e+00  2
Y 1 2 1  -4.569995e+01  0.000000e+00  0.000000e+00  0.000000e+00  0.000000e+00  0.000000e+00  0.000000e+00  1
Y 1 3 0   6.037427e+02  0.000000e+00  0.000000e+00  0.000000e+00  0.000000e+00  0.000000e+00  0.000000e+00  1
Y 2 0 0   3.813424e-01  2.063207e-01  4.300884e-01  0.000000e+00  0.000000e+00  0.000000e+00  0.000000e+00  3
Y 2 0 1  -1.594649e+02 -1.293024e+02  0.000000e+00  0.000000e+00  0.000000e+00  0.000000e+00  0.000000e+00  2
Y 2 0 2  -8.991075e+02 -6.678618e+02  0.000000e+00  0.000000e+00  0.000000e+00  0.000000e+00  0.000000e+00  2
Y 2 1 0  -4.861975e+01 -1.713678e+01  0.000000e+00  0.000000e+00  0.000000e+00  0.000000e+00  0.000000e+00  2
Y 2 1 1   3.748901e+02  0.000000e+00  0.000000e+00  0.000000e+00  0.000000e+00  0.000000e+00  0.000000e+00  1
Y 3 0 0   3.159449e+01 -5.711152e+01  0.000000e+00  0.000000e+00  0.000000e+00  0.000000e+00  0.000000e+00  2
Y 3 0 1  -5.735616e+03  0.000000e+00  0.000000e+00  0.000000e+00  0.000000e+00  0.000000e+00  0.000000e+00  1
Y 3 1 0  -2.764679e+03  0.000000e+00  0.000000e+00  0.000000e+00  0.000000e+00  0.000000e+00  0.000000e+00  1
